0.688114
0.699166
0.69760615
0.6977287
0.6771967
0.6800162
0.7273956
0.67414457
0.69213885
0.7209435
0.66397053
0.69026214
0.6786191
0.67575496
0.7010743
0.68642384
0.72938365
0.692619
0.68383616
0.691377
0.7139831
0.66665334
0.7046892
0.7097158
0.7114237
0.71559423
0.6927375
0.7448301
0.71302944
0.6820312
0.7031122
0.68601805
0.71446913
0.68993443
0.6836937
0.65733474
0.7227313
0.69479007
0.6889393
0.64175224
0.70125717
0.6989556
0.6537066
0.6507012
0.67939836
0.6592851
0.68791014
0.6461082
0.67579025
0.64355665
0.6543316
0.6871043
0.66217357
0.6808503
0.6495089
0.67538387
0.6678408
0.6392221
0.66723233
0.67688686
0.65547746
0.6775426
0.64206165
0.6422344
0.6545674
0.6992002
0.65124744
0.6905448
0.6569955
0.6468466
0.6423812
0.67713517
0.7084457
0.6367839
0.6466395
0.6448537
0.6312227
0.6426493
0.6336482
0.67584914
0.6436124
0.689233
0.7027281
0.6706806
0.65855426
0.6361967
0.7031407
0.66355866
0.6559674
0.65442413
0.6489093
0.6681637
0.6382812
0.674298
0.6516511
0.64067125
0.6662621
0.6654139
0.6656588
0.6449954
0.64614105
0.6726486
0.6449144
0.64168185
0.6851439
0.7103438
0.6381205
0.6410263
0.67271394
0.64692914
0.67579573
0.65584487
0.6671942
0.6597579
0.6420649
0.6544545
0.67166024
0.66953224
0.6841858
0.6912864
0.6232029
0.6957559
0.63861215
0.64067817
0.68361074
0.6794129
0.6471651
0.63870496
0.6681232
0.63202053
0.6788041
0.682259
0.69792145
0.64845246
0.64832044
0.6534036
0.67287415
0.72177464
0.63974
0.6786259
0.650358
0.66821975
0.67735034
0.6667158
0.7001063
0.6347625
0.64215297
0.6368865
0.6435596
0.6817984
0.6749554
0.66367406
0.6623681
0.64645976
0.644855
0.6288015
0.639569
0.66824573
0.66420084
0.6833468
0.6542172
0.6795903
0.64178944
0.6594314
0.667689
0.6436966
0.66108364
0.6801159
0.6492991
0.6607153
0.6562429
0.7011872
0.6520601
0.68846816
0.66022617
0.6985447
0.6457077
0.64877975
0.6622388
0.64322454
0.68497676
0.6571023
0.65658635
0.66889733
0.655328
0.67460567
0.62138724
0.6507891
0.63387847
0.6691238
0.63957363
0.65350586
0.6843075
0.6463892
0.6574411
0.6695954
0.6733839
0.7014362
0.6315139
0.6372921
0.65395993
0.63632715
0.67438215
0.6638574
0.65789455
0.7001514
0.67782205
0.6842064
0.671694
0.71758336
0.65087885
0.67903703
0.6813101
0.64326817
0.6376204
0.6767407
0.6567103
0.6980091
0.64600533
0.66764313
0.6337951
0.65058285
0.6915949
0.71015126
0.63550955
0.6263288
0.64918333
0.7004369
0.69172937
0.65373427
0.63585174
0.6728731
0.6623747
0.69038385
0.6620038
0.6930427
0.65763634
0.68396896
0.65568525
0.69733375
0.65309435
0.6695964
0.6610001
0.682555
0.6785168
0.62884885
0.7019122
0.69322664
0.64392406
0.6405959
0.67111665
0.67309886
0.63850397
0.6938326
0.69591016
0.64214694
0.65945345
0.68658
0.6857994
0.65915984
0.6564557
0.6757756
0.62033665
0.6634472
0.66187114
0.7022496
0.64018744
0.6421619
0.64830047
0.6885161
0.67933017
0.68154377
0.64634115
0.6904858
0.6465449
0.6898225
0.64090514
0.66273624
0.6337394
0.69357854
0.6454731
0.6714652
0.6615903
0.66543776
0.6495921
0.71259123
0.63245326
0.649239
0.6819114
0.63495857
0.68158966
0.71166915
0.6670895
0.66114813
0.6455305
0.643849
0.66962653
0.64532727
0.6818176
0.65030247
0.678186
0.64278483
0.6865993
0.6956021
0.63778526
0.69172806
0.66252166
0.6956087
0.68268865
0.6690747
0.66466373
0.6579645
0.68040437
0.67336637
0.6400873
0.6606856
0.68570286
0.6803437
0.7068748
0.63711643
0.66677374
0.65114075
0.6061463
0.64608735
0.7007317
0.64341503
0.6406502
0.64131814
0.6578111
0.6991138
0.673441
0.66731817
0.6661448
0.67033356
0.6533783
0.6301752
0.6499327
0.6535546
0.7121746
0.6443393
0.6390425
0.65828353
0.68953604
0.66670924
0.67287093
0.6382118
0.64403224
0.6677273
0.7185921
0.6417058
0.6406561
0.64115137
0.6305296
0.69189054
0.6419954
0.6666481
0.6563776
0.6463518
0.6680103
0.67851716
0.6207719
0.65088016
0.657396
0.6479071
0.7083346
0.67298585
0.65930265
0.67359716
0.6474493
0.645262
0.70248646
0.69688743
0.6558127
0.66355747
0.6425006
0.6855642
0.70747465
0.6683702
0.6749638
0.6449419
0.6917307
0.6992871
0.64340174
0.6791559
0.64948326
0.65109044
0.7032568
0.6609685
0.67565304
0.63940805
0.6434423
0.6728756
0.65825397
0.65444833
0.6446371
0.68784386
0.6457269
0.6539894
0.64479864
0.65377814
0.63490677
0.66931885
0.6408286
0.68497056
0.6457698
0.6411423
0.64522284
0.67223865
0.68981224
0.6438515
0.6650329
0.66471046
0.69433874
0.67678994
0.6820474
0.66360265
0.7105749
0.70823115
0.69703287
0.6983724
0.70972687
0.65937203
0.71524984
0.68679243
0.72958523
0.6790078
0.6654226
0.6668821
0.7067482
0.7336387
0.69585437
0.6683814
0.7284369
0.66272575
0.68520695
0.69897085
0.6808432
0.6788408
0.7097184
0.70650643
0.67959064
0.72338015
0.73214155
0.71881276
0.7243032
0.73358685
0.6793644
0.71650046
0.692388
0.70461386
0.70586973
0.71383744
0.6930155
0.69853896
0.6768659
0.7232371
0.70486885
0.6719026
0.67741424
0.6923451
0.70366174
0.7223993
0.6940864
0.6430607
0.70049435
0.7051105
0.7080657
0.70566183
0.68773276
0.7051849
0.6769143
0.69773346
0.6768783
0.70669967
0.6796934
0.68916696
0.680638
0.7066731
0.66480905
-3.0337825
-33.742443
-39.330673
-44.92739
-47.75719
-46.95486
-46.950825
-45.49333
-46.222347
-45.402206
-46.437035
-47.17545
-46.46002
-47.010403
-46.550034
-47.013557
-45.724396
-46.549194
-47.047287
-47.12415
-47.260765
-46.92464
-46.59875
-47.084133
-47.35576
-47.046707
-48.30939
-48.17815
-48.219383
-48.484314
-49.15032
-50.34471
-49.840855
-50.41271
-50.07277
-50.30906
-51.71222
-52.276703
-52.959896
-53.95078
-55.18806
-54.5229
-55.108036
-53.23448
-51.77307
-50.62151
-49.317192
-48.15715
-48.895317
-49.810005
-49.684315
-49.4607
-50.207928
-51.10244
-52.91455
-52.93807
-53.6022
-54.728523
-53.86314
-53.766987
-51.852585
-52.080402
-52.346176
-51.70846
-51.88108
-52.2321
-54.101753
-53.721928
-53.901703
-55.19042
-55.029877
-54.32195
-52.490635
-49.3775
-47.66781
-43.752586
-40.61332
-40.60033
-36.942005
-34.849464
-33.2215
-32.15748
-30.620298
-28.12136
-26.766338
-25.566246
-24.477264
-23.596245
-21.59751
-20.46725
-19.550262
-19.490587
-19.8205
-19.388453
-17.774866
-18.75088
-17.326857
-17.96005
-17.223492
-17.137325
-17.03511
-17.779455
-17.87409
-17.9113
-18.414856
-19.238947
-18.913328
-19.672518
-19.595852
-20.495827
-20.224163
-21.509245
-22.143423
-23.110668
-24.172142
-24.246403
-24.84369
-23.102823
-21.10838
-19.715084
-18.340973
-17.455845
-16.312788
-14.919982
-14.082331
-13.669715
-13.248347
-13.414992
-12.777124
-13.054476
-12.642151
-12.298403
-12.10729
-11.79029
-10.923127
-10.366694
-8.609098
-6.852279
-4.8656774
-2.7157965
-2.03618
-2.5897229
-3.1755874
-3.410975
-3.684557
-6.3655457
-5.9128137
-3.3556623
-0.7422518
0.79567116
0.9393198
0.9170845
1.3556038
2.3609707
2.0966716
2.3364048
3.0440748
3.0297232
3.4243402
3.6395433
3.222734
2.903605
2.7347102
2.269755
3.4506743
3.2221198
3.0450578
2.365493
2.0411975
0.67567116
-3.9150844
-9.348452
-14.352212
-18.735222
-21.968243
-24.514334
-26.434288
-29.026237
-29.290329
-28.603943
-26.544733
-26.401665
-25.291702
-22.058441
-20.732464
-19.952894
-18.220459
-13.26009
-7.116226
-0.1508601
6.910953
10.093007
12.434425
13.943866
11.8108425
11.385914
12.305616
13.155819
12.529513
12.918963
11.391707
11.622018
13.496207
14.962642
15.30128
15.616797
16.263887
17.218973
17.258509
15.98386
13.694959
10.253468
8.618045
7.747344
6.9403787
6.5034175
6.283181
5.198205
5.2315965
5.5651565
6.662313
7.6574087
7.6029105
0.57769233
-6.6162395
-15.0840435
-4.0521708
-8.248004
-2.158115
-1.2557219
-5.345579
-6.379106
-7.3780184
-8.683925
-10.321316
-11.148612
-10.89634
-12.675183
-14.570944
-13.802994
-13.40528
-13.433299
-12.214683
-12.572702
-11.007656
-9.439509
-6.1673527
-5.0224667
-3.2339902
-2.3277123
-1.4073743
-0.8519473
-0.33449715
-0.41960335
3.384877
6.6295443
9.403129
12.171346
8.112373
4.383504
2.2945015
0.74355394
1.9231558
2.8591096
3.9730754
1.6131811
2.7853503
2.1982224
5.2217226
4.4054255
4.137644
5.0292826
4.0586705
6.232644
5.983161
6.376355
5.214201
4.3278565
1.1008518
-1.1232367
-2.742185
-5.5033846
-5.137246
-4.0488462
-3.3002446
-3.7382896
-1.6819277
-1.6364644
-0.17533514
0.914761
2.6690423
3.0797706
1.75175
1.3619157
1.5563065
1.959008
1.7775946
2.387092
2.3498213
1.5637805
1.3562632
2.2386067
1.6121241
2.060992
1.8316088
1.282465
1.6683376
2.3395693
2.4939568
2.2992764
1.788615
2.0529346
2.5545304
2.3080432
2.2464068
1.9449863
2.5027275
2.503188
2.2990663
3.102056
2.2457542
2.699488
2.2099555
1.8929319
2.0367422
2.4189105
2.1565769
2.574126
2.152724
2.3046086
2.3692443
2.264539
2.4474683
2.0928936
2.6707778
2.2529528
2.523104
2.0289676
2.2639163
2.4507034
2.1872928
2.5294552
1.8742707
2.1182904
1.9736009
1.5532093
2.249819
1.8890696
2.4886465
1.7783246
1.8497837
2.1876342
1.8607183
1.8028898
1.8621011
1.9972885
2.1281168
2.1956613
3.0645368
1.4215719
2.1864216
1.9874878
1.9996436
2.308738
1.9061971
2.1611478
2.3096755
2.1374943
2.5179923
2.030918
2.9784086
2.4219532
2.3978133
2.4361365
2.4614956
2.0448792
2.9857528
2.292998
2.2814097
2.7376995
2.9960504
2.4487667
1.3924861
2.8174257
2.5490944
2.479025
2.6123383
2.6778274
2.414327
2.2360826
2.9689407
2.2575781
1.3098897
1.3184075
0.56610185
1.1990333
1.7967861
0.8463592
0.8843475
0.8121242
1.1448084
1.2723578
1.3082681
1.9168596
0.7651568
0.28806877
0.45869172
0.7733119
0.039294276
0.79530376
0.80244
0.7649078
0.857802
0.78853387
1.1853175
0.961127
1.0927523
1.1193514
1.2138605
0.9489431
1.189237
0.8587262
0.8602882
1.354978
1.015212
0.86165375
1.2495832
0.7305438
0.8415943
0.8496584
0.8428057
0.6071457
0.62705255
0.44065815
0.20146424
0.14620161
0.4147588
0.32087755
-0.098477535
0.4007113
0.23332983
0.21639252
0.22866344
0.09645859
0.3221802
-0.32046407
0.15611273
-0.40237537
-0.14141892
-0.3127513
-0.17872377
-0.20622286
-0.119208
-0.26112926
-0.35100543
0.0769066
-0.17316163
-0.48089218
-0.6523325
-0.66789377
-0.61472815
-0.85328954
-0.7767514
-0.49648678
-0.40662944
-0.6176968
-0.20240736
-0.5388143
-0.84943396
-0.31434163
-0.07570609
-0.21497254
-0.28692898
-0.11226211
-0.49730325
-0.31235236
0.19503152
0.23820049
1.4149195
1.3371058
1.4476382
2.7966084
1.941674
0.7682453
1.9947109
3.2487447
3.0694392
1.9971561
1.8788414
2.2042742
0.23223573
-0.10713302
0.3190925
-0.11685724
0.28167307
0.5727345
0.21358871
0.035916958
-0.053320434
-0.5329242
-0.036085512
-0.1708699
-0.23588449
-0.17845635
-0.015697476
0.2790808
0.12885892
-0.05244231
-0.20895457
-0.62587523
-0.67433995
-0.8754826
-0.7959076
-0.8361892
-0.67004955
-0.8647375
-0.94660944
-0.7494702
-0.5611222
-0.5130747
